-inf
nan
nan
6.437400018825683219e+02
6.535529190701500966e+02
6.665121990266638932e+02
6.828228285553905152e+02
7.026433301756488845e+02
7.266200569414644406e+02
7.550097093499072116e+02
7.885279997512581076e+02
8.277799578420098214e+02
8.736729742583466987e+02
9.272603417696146835e+02
9.898572922435853343e+02
1.062783069511838903e+03
1.148128612509709683e+03
1.247883850224530079e+03
1.365614964041430085e+03
1.504202031229515342e+03
1.666401430000127903e+03
1.858742780095804164e+03
2.086266614407032648e+03
2.355841989413355805e+03
2.673901830014460302e+03
3.051870635461441907e+03
3.499136410322043048e+03
4.028376119924972045e+03
