-inf
nan
nan
6.970312286465294846e+02
7.074115040128771170e+02
7.210044327753111020e+02
7.381850972297335147e+02
7.590176657391494928e+02
7.842026770987139344e+02
8.139764504970074768e+02
8.490930225076184570e+02
8.901417222567305316e+02
9.380535112599285412e+02
9.938967570307754613e+02
1.059014657052863640e+03
1.134626440822486074e+03
1.222933291339534662e+03
1.326242720049431000e+03
1.447219515549798643e+03
1.589014397221075569e+03
1.755586840607452814e+03
1.952162563994396351e+03
2.183906153277041994e+03
2.458533534059957219e+03
2.780380306455981554e+03
3.162273436857003162e+03
3.613979832394599271e+03
4.147668279333783175e+03
